#multi:
	mass A		mass B		
t	x	y	x	y	
41.022	0.221	-2.741E-4		
41.055	0.218	-2.622E-4		
41.089	0.216	1.296E-4		
41.122	0.213	-6.881E-4		
41.156	0.211	-4.715E-4		
41.189	0.209	-6.708E-4		
41.223	0.207	-4.583E-4		
41.256	0.205	-6.695E-4		
41.290	0.203	-5.446E-4		
41.323	0.201	-5.368E-4		
41.357	0.199	-6.478E-5		
41.390	0.197	-6.046E-4		
41.424	0.195	-6.315E-4		
41.457	0.193	-5.071E-4		
41.491	0.192	-6.190E-4		
41.524	0.190	-2.630E-4		
41.558	0.189	8.926E-5		
41.591	0.187	-4.807E-4		
41.625	0.187	-1.698E-4		
41.658	0.185	-1.616E-4		
41.692	0.183	-3.600E-4		
41.725	0.181	-4.570E-4		
41.759	0.179	-4.510E-4		
41.792	0.177	-1.024E-3		
41.825	0.176	-2.055E-4		
41.859	0.175	-2.004E-4		
41.892	0.173	-4.278E-4		
41.926	0.172	4.136E-5		
41.959	0.170	-5.318E-4		
41.993	0.170	-2.975E-4		
42.026	0.168	-1.735E-4		
42.060	0.167	-6.326E-4		
42.093	0.166	-3.963E-4		
42.127	0.163	-2.720E-4		
42.160	0.163	-8.493E-4		
42.194	0.162	-2.650E-4		
42.227	0.161	-6.094E-4		
42.261	0.159	-4.859E-4		
42.294	0.158	-3.657E-4		
42.328	0.157	-5.936E-4		
42.361	0.155	-7.022E-4		
42.395	0.154	-1.161E-4		
42.428	0.152	-2.270E-4		
42.462	0.151	-8.016E-4		
42.495	0.149	-1.142E-3		
42.529	0.148	-6.730E-4		
42.562	0.146	-5.510E-4		
42.596	0.145	-1.126E-3		
42.629	0.143	-5.399E-4		
42.663	0.143	-3.050E-4		
42.696	0.142	-8.805E-4		
42.730	0.140	-5.246E-4		
42.763	0.138	-7.511E-4		
42.797	0.137	-5.148E-4		
42.830	0.135	-9.706E-4		
42.864	0.134	-9.646E-4		
42.897	0.132	-6.100E-4		
42.931	0.130	-1.184E-3		
42.964	0.129	-7.149E-4		
42.998	0.128	-3.603E-4		
43.031	0.126	-1.052E-3		
43.065	0.125	-3.487E-4		
43.098	0.123	-1.155E-3		
43.131	0.121	-9.164E-4	0.195	-8.222E-4
43.165	0.120	-5.623E-4	0.194	-1.963E-4
43.198	0.119	-1.254E-3	0.191	-1.011E-3
43.232	0.117	-3.182E-4	0.188	6.512E-4
43.265	0.116	-5.451E-4	0.187	2.436E-4
43.299	0.114	-5.400E-4	0.185	4.511E-5
43.332	0.113	-7.660E-4	0.183	-1.525E-4
43.366	0.111	-6.440E-4	0.181	2.692E-4
43.399	0.110	-9.870E-4	0.179	-3.427E-4
43.433	0.109	-7.498E-4	0.176	-1.261E-4
43.466	0.108	-1.655E-4	0.174	-1.187E-4
43.500	0.107	-7.415E-4	0.171	-1.079E-4
43.533	0.105	-1.082E-3	0.170	-3.088E-4
43.567	0.104	-1.077E-3	0.168	1.128E-4
43.600	0.102	-8.380E-4	0.165	-2.907E-4
43.634	9.991E-2	-4.821E-4	0.164	-2.841E-4
43.667	9.921E-2	-9.434E-4	0.161	-2.832E-5
43.701	9.794E-2	-8.223E-4	0.159	-2.553E-4
43.734	9.608E-2	-6.988E-4	0.158	-2.483E-4
43.768	9.446E-2	-6.923E-4	0.155	-4.706E-4
43.801	9.341E-2	-6.882E-4	0.154	-1.170E-4
43.835	9.190E-2	-9.142E-4	0.152	-5.742E-4
43.868	9.040E-2	-9.082E-4	0.150	-3.338E-4
43.902	8.935E-2	-9.040E-4	0.148	-3.250E-4
43.935	8.842E-2	-1.132E-3	0.146	-8.641E-5
43.969	8.703E-2	-1.011E-3	0.144	-7.621E-5
44.002	8.610E-2	-5.429E-4	0.141	-6.601E-5
44.036	8.494E-2	-1.002E-3	0.139	1.758E-4
44.069	8.471E-2	-1.001E-3	0.137	-2.828E-4
44.103	8.169E-2	-1.570E-3	0.135	-2.740E-4
44.136	8.088E-2	-7.541E-4	0.133	-2.652E-4
44.170	7.972E-2	-1.330E-3	0.131	-8.374E-4
44.203	7.891E-2	-7.463E-4	0.129	-7.144E-4
44.237	7.879E-2	-6.298E-4		
44.270	7.740E-2	-1.436E-3		
44.304	7.577E-2	-1.778E-3		
44.337	7.380E-2	-8.419E-4		
44.371	7.183E-2	-3.699E-4		
44.404	7.241E-2	-7.203E-4		
44.437	7.113E-2	-8.312E-4		
44.471	6.939E-2	-1.172E-3		
44.504	6.870E-2	-9.375E-4		
44.538	6.777E-2	-5.857E-4		
44.571	6.638E-2	-9.283E-4		
44.605	6.476E-2	2.385E-4		
44.638				
44.672				
44.705				
44.739				
44.772	5.953E-2	2.730E-5		
44.806	5.884E-2	-5.501E-4		
44.839	5.733E-2	-1.008E-3		
44.873	5.524E-2	-3.036E-4		
44.906	5.501E-2	-3.027E-4		
44.940	5.385E-2	-7.622E-4		
44.973	5.257E-2	-6.411E-4		
45.007	5.094E-2	-1.447E-3		
45.040	4.990E-2	-1.443E-3		
45.074	4.886E-2	-7.423E-4		
45.107	4.758E-2	-1.085E-3		
45.141	4.607E-2	-9.632E-4		
45.174	4.480E-2	-6.100E-4		
45.208	4.386E-2	-1.418E-3		
45.241	4.282E-2	-1.878E-3		
45.275	4.085E-2	-7.103E-4		
45.308	3.946E-2	-5.887E-4		
45.342	3.772E-2	-2.336E-4		
45.375	3.714E-2	-6.954E-4		
45.409	3.528E-2	-1.036E-3		
45.442	3.436E-2	-2.202E-4		
45.476	3.238E-2	-1.025E-3		
45.509	3.203E-2	-1.487E-3		
45.543	3.052E-2	-1.365E-3		
45.576	2.867E-2	-8.146E-5		
45.610	2.751E-2	-6.570E-4		
45.643	2.554E-2	-6.895E-5		
45.677	2.449E-2	-7.609E-4		
45.710	2.333E-2	-1.220E-3		
45.743	2.159E-2	-1.692E-4		
45.777	2.055E-2	-3.971E-4		
45.810	1.973E-2	-6.259E-4		
45.844	1.857E-2	-8.533E-4		
45.877	1.672E-2	-1.078E-3		
45.911	1.556E-2	-4.932E-4		
45.944	1.428E-2	-1.184E-3		
45.978	1.312E-2	-4.835E-4		
46.011	1.150E-2	1.031E-3		
46.045	1.115E-2	-5.916E-4		
46.078	9.640E-3	-3.535E-4		
46.112	8.477E-3	-1.045E-3		
46.145	7.548E-3	-1.389E-3		
46.179	6.275E-3	-4.561E-4		
