	mass A		
t	x	y	
1.216	0.104	-1.959E-3
1.233	0.148	-3.262E-3
1.249	0.176	-6.616E-5
1.266	0.211	-3.995E-4
1.283	0.245	2.265E-4
1.299	0.278	1.226E-3
1.316	0.311	1.430E-3
1.333	0.341	1.415E-3
1.349	0.364	2.125E-3
1.366	0.390	-5.802E-4
1.383	0.413	2.137E-3
1.399	0.439	9.364E-4
1.416	0.465	1.239E-3
1.433	0.490	1.290E-3
1.449	0.514	4.071E-5
1.466	0.542	-4.860E-4
1.483		
1.499		
1.516		
1.533		
1.549		
1.566		
1.583		
1.599		
1.616		
1.633		
1.649		
1.666		
1.683		
1.699		
1.716		
1.733		
1.749		
1.766		
1.783		
1.799		
1.816		
1.833		
1.849		
1.866		
1.883		
1.899		
1.916		
1.932		
1.949		
1.966		
1.982		
1.999		
2.016		
2.032		
2.049		
2.066		
2.082		
2.099		
2.116		
2.132		
2.149		
2.166		
2.182		
2.199		
2.216		
2.232		
2.249		
2.266		
2.282		
2.299		
2.316		
2.332		
2.349		
2.366		
2.382		
2.399		
2.416		
2.432		
2.449		
2.466		
2.482		
2.499		
2.516		
2.532		
2.549		
2.566		
2.582		
2.599		
2.616		
2.632		
2.649		
2.666		
2.682		
2.699		
2.715		
2.732		
2.749		
2.765		
2.782		
2.799		
2.815		
2.832		
2.849		
2.865		
2.882		
2.899		
2.915		
2.932		
2.949		
2.965		
2.982		
2.999		
3.015		
3.032		
3.049		
3.065		
3.082		
3.099		
3.115		
3.132		
3.149		
3.165		
3.182		
3.199		
3.215		
3.232		
3.249		
3.265		
3.282		
3.299		
3.315		
3.332		
3.349		
3.365		
3.382		
3.399		
3.415		
3.432		
3.448		
3.465		
3.482		
3.498		
3.515		
3.532		
3.548		
3.565		
3.582		
3.598		
3.615		
3.632		
3.648		
3.665		
3.682		
3.698		
3.715		
3.732		
3.748		
3.765		
3.782		
3.798		
3.815		
3.832		
3.848		
3.865		
3.882		
3.898		
3.915		
3.932		
3.948		
3.965		
3.982		
3.998		
4.015		
4.032		
4.048		
4.065		
4.082		
4.098		
4.115		
4.132		
4.148		
4.165		
4.182		
4.198		
4.215		
4.231		
4.248		
4.265		
4.281		
4.298		
4.315		
4.331		
4.348		
4.365		
4.381		
4.398		
4.415		
4.431		
4.448		
4.465		
4.481		
4.498		
4.515		
4.531		
4.548		
4.565		
4.581		
4.598		
4.615		
4.631		
4.648		
4.665		
4.681		
4.698		
4.715		
4.731		
4.748		
4.765		
4.781		
4.798		
4.815		
4.831		
4.848		
4.865		
4.881		
4.898		
4.915		
4.931		
4.948		
4.965		
4.981		
4.998		
5.014		
5.031		
5.048		
5.064		
5.081		
5.098		
5.114		
5.131		
5.148		
5.164		
5.181		
5.198		
5.214		
5.231		
5.248		
5.264		
5.281		
5.298		
5.314		
5.331		
5.348		
5.364		
5.381		
5.398		
5.414		
5.431		
5.448		
5.464		
5.481		
5.498		
5.514		
5.531		
5.548		
5.564		
5.581		
5.598		
5.614		
5.631		
5.648		
5.664		
5.681		
5.698		
5.714		
5.731		
5.747		
5.764		
5.781		
5.797		
5.814		
5.831		
5.847		
5.864		
5.881		
5.897		
5.914		
5.931		
5.947		
5.964		
5.981		
5.997		
6.014		
6.031		
6.047		
6.064		
6.081		
6.097		
6.114		
6.131		
6.147		
6.164		
6.181		
6.197		
6.214		
6.231		
6.247		
6.264		
6.281		
6.297		
6.314		
6.331		
6.347		
6.364		
6.381		
6.397		
6.414		
6.431		
6.447		
6.464		
6.481		
6.497		
6.514		
6.530		
6.547		
6.564		
6.580		
6.597		
6.614		
6.630		
6.647		
6.664		
6.680		
6.697		
6.714		
6.730		
6.747		
6.764		
6.780		
6.797		
6.814		
6.830		
6.847		
6.864		
6.880		
6.897		
6.914		
6.930		
6.947		
6.964		
6.980		
6.997		
7.014		
7.030		
7.047		
7.064		
7.080		
7.097		
7.114		
7.130		
7.147		
7.164		
7.180		
7.197		
7.214		
7.230		
7.247		
7.264		
7.280		
7.297		
7.313		
7.330		
7.347		
7.363		
7.380		
7.397		
7.413		
7.430		
7.447		
7.463		
7.480		
7.497		
7.513		
7.530		
7.547		
7.563		
7.580		
7.597		
7.613		
7.630		
7.647		
7.663		
7.680		
7.697		
7.713		
7.730		
7.747		
7.763		
7.780		
7.797		
7.813		
7.830		
7.847		
7.863		
7.880		
7.897		
7.913		
7.930		
7.947		
7.963		
7.980		
7.997		
8.013		
8.030		
8.046		
8.063		
8.080		
8.096		
8.113		
8.130		
8.146		
8.163		
8.180		
8.196		
8.213		
8.230		
8.246		
8.263		
8.280		
8.296		
8.313		
8.330		
8.346		
8.363		
8.380		
8.396		
8.413		
8.430		
8.446		
8.463		
8.480		
8.496		
8.513		
8.530		
8.546		
8.563		
8.580		
8.596		
8.613		
8.630		
8.646		
8.663		
8.680		
8.696		
8.713		
8.730		
8.746		
8.763		
8.780		
8.796		
8.813		
8.829		
8.846		
8.863		
8.879		
8.896		
8.913		
8.929		
8.946		
8.963		
8.979		
8.996		
9.013		
9.029		
9.046		
9.063		
9.079		
9.096		
9.113		
9.129		
9.146		
9.163		
9.179		
9.196		
9.213		
9.229		
9.246		
9.263		
9.279		
9.296		
9.313		
9.329		
9.346		
9.363		
9.379		
9.396		
9.413		
9.429		
9.446		
9.463		
9.479		
9.496		
9.513		
9.529		
9.546		
9.563		
9.579		
9.596		
9.612		
9.629		
9.646		
9.662		
9.679		
9.696		
9.712		
9.729		
9.746		
9.762		
9.779		
9.796		
9.812		
9.829		
9.846		
9.862		
9.879		
9.896		
9.912		
9.929		
9.946		
9.962		
9.979		
9.996		
10.012		
10.029		
10.046		
10.062		
10.079		
10.096		
10.112		
10.129		
10.146		
10.162		
10.179		
10.196		
10.212		
10.229		
10.246		
10.262		
10.279		
10.296		
10.312		
10.329		
10.345		
10.362		
10.379		
10.395		
10.412		
10.429		
10.445		
10.462		
10.479		
10.495		
10.512		
10.529		
10.545		
10.562		
10.579		
10.595		
10.612		
10.629		
10.645		
10.662		
10.679		
10.695		
10.712		
10.729		
10.745		
10.762		
10.779		
10.795		
10.812		
10.829		
10.845		
10.862		
10.879		
10.895		
10.912		
10.929		
10.945		
10.962		
10.979		
10.995		
11.012		
11.029		
11.045		
11.062		
11.079		
11.095		
11.112		
11.128		
11.145		
11.162		
11.178		
11.195		
11.212		
11.228		
11.245		
11.262		
11.278		
11.295		
11.312		
11.328		
11.345		
11.362		
11.378		
11.395		
11.412		
11.428		
11.445		
11.462		
11.478		
11.495		
11.512		
11.528		
11.545		
11.562		
11.578		
11.595		
11.612		
11.628		
11.645		
11.662		
11.678		
11.695		
11.712		
11.728		
11.745		
11.762		
11.778		
11.795		
11.812		
11.828		
11.845		
11.862		
11.878		
11.895		
11.911		
11.928		
11.945		
11.961		
11.978		
11.995		
12.011		
12.028		
12.045		
12.061		
12.078		
12.095		
12.111		
12.128		
12.145		
12.161		
12.178		
12.195		
12.211		
12.228		
12.245		
12.261		
12.278		
12.295		
12.311		
12.328		
12.345		
12.361		
12.378		
12.395		
12.411		
12.428		
12.445		
12.461		
12.478		
12.495		
12.511		
12.528		
12.545		
12.561		
12.578		
12.595		
12.611		
12.628		
12.644		
12.661		
12.678		
12.694		
12.711		
12.728		
12.744		
12.761		
12.778		
12.794		
12.811		
12.828		
12.844		
12.861		
12.878		
12.894		
12.911		
12.928		
12.944		
12.961		
12.978		
12.994		
13.011	0.120	-1.518E-3
13.028	0.135	-7.227E-4
13.044	0.146	5.729E-4
13.061	0.159	3.987E-3
13.078	0.178	-5.664E-4
13.094	0.198	-1.403E-3
13.111	0.227	-2.498E-3
13.128	0.257	1.248E-4
13.144	0.270	1.598E-3
13.161	0.281	4.409E-4
13.178	0.306	2.355E-3
13.194	0.314	1.188E-3
13.211	0.331	2.449E-3
13.228	0.347	1.935E-3
13.244	0.358	3.685E-3
